 11
-5.3769585290   0.7791694554   0.7337908644   0.5476952547   1.0128259783   0.2809417088  -1.6919962172  -2.5103568802  -1.2147638391  -2.2898754276  -0.2909365887
0.7791694554  -1.5660986867  -0.1096010633   2.3774456240  -0.0486324852   0.0882509456   0.3504254712  -0.1494419986  -0.2447486555  -0.4076229137  -0.4159661753
0.7337908644  -0.1096010633  -5.6521969172   1.6252317951   1.0363898951  -1.6484329420  -1.9066198455  -2.0329817049  -1.8572124140  -0.4660189183   1.6133661257
0.5476952547   2.3774456240   1.6252317951  -2.1582069546  -3.9795456727  -1.5357686077  -0.7793295434  -1.6041371712   0.5826655601   2.3134623384   0.3870968312
1.0128259783  -0.0486324852   1.0363898951  -3.9795456727  -2.0116968775   0.1658339290  -1.3419019832  -2.5421106725   1.8113690548  -0.6394834688  -3.5824726820
0.2809417088   0.0882509456  -1.6484329420  -1.5357686077   0.1658339290   4.6756383808   5.3606020787  -7.8828348642  -4.0459187055  -6.1566697424  -2.6960807335
-1.6919962172   0.3504254712  -1.9066198455  -0.7793295434  -1.3419019832   5.3606020787   1.3637321626   6.1576189309   4.4736383350  -0.6930955828  -2.3967446831
-2.5103568802  -0.1494419986  -2.0329817049  -1.6041371712  -2.5421106725  -7.8828348642   6.1576189309   5.1615042570   0.2203069801  -5.3332272627   1.3799591338
-1.2147638391  -0.2447486555  -1.8572124140   0.5826655601   1.8113690548  -4.0459187055   4.4736383350   0.2203069801   1.8740580814  10.2965905988  -9.0289829169
-2.2898754276  -0.4076229137  -0.4660189183   2.3134623384  -0.6394834688  -6.1566697424  -0.6930955828  -5.3332272627  10.2965905988  -6.4209215027  -0.8915014100
-0.2909365887  -0.4159661753   1.6133661257   0.3870968312  -3.5824726820  -2.6960807335  -2.3967446831   1.3799591338  -9.0289829169  -0.8915014100  -9.8888534141
71.000000000
-13.000000000
-44.000000000
29.000000000
-23.000000000
12.000000000
-53.000000000
5.000000000
-41.000000000
22.000000000
4.000000000

2
0,5 -1,5
0,5 -0,5
23
-13

5
  2.7697501399   0.3523098445   1.5228733732  -1.7558194105  -0.2147306513
  1.2395588915  -1.1196291726  -1.6756423187   1.4821345963  -3.3394319127
  1.4192649712  -1.7740774153   2.5017268440  -2.4680589913  -2.4176296578
 -2.7999519128   1.1160562244  -2.0544178059   0.8230394358   1.0042270259
  0.8183765416  -3.7247093287  -1.8294154496   0.5191551155   6.0251127529
